../../../../../.git/annex/objects/91/Ff/SHA256E-s5478434--d51205019488862d0d29a9aa20aa0b96d6e08d62ed7f67eb89ed743d76642f45.tsv/SHA256E-s5478434--d51205019488862d0d29a9aa20aa0b96d6e08d62ed7f67eb89ed743d76642f45.tsv